[5 5 7 5 7 7 7 7 7 5 5 3 5 7 7 7 7 7 5 5 3 5 5 3 0 7 7 4 4 4 4 4 7 4 7 7 5
 5 3 4 4 3 0 7 7 5 5 3 5 3 3 0 0 3 4 4 4 4 4 4 4 4 4 4 4 4 4 4 4 4 4 4 4 4
 3 4 4 3 0 4 3 6 6 6 6 6 7 6 7 7 5 5 3 5 6 3 0 7 7 5 5 3 5 3 3 0 0 3 6 6 6
 6 6 6 6 6 7 5 5 3 6 6 3 0 0 7 5 3 3 0 3 3 0 0 3 4 4 4 4 4 4 4 4 4 4 4 3 4
 4 3 0 4 3 4 3 3 0 3 3 0 0 3 6 6 6 6 6 6 6 6 6 6 6 3 6 6 3 6 6 6 5 3 3 0 3
 3 0 0 3 6 6 6 6 6 6 6 6 6 6 6 3 6 6 3 0 6 3 5 3 3 0 3 3 0 0 3 6 6 6 6 6 6
 6 6 6 6 3 3 6 6 3 0 0 3 0 3 3 0 3 3 0 0 3 5 5 7 8 7 7 7 7 7 5 5 5 5 7 7 7
 7 7 5 5 5 5 5 7 0 7 7 8 8 1 8 7 7 8 7 7 5 5 1 5 7 1 0 7 7 5 5 1 5 1 1 0 0
 7 8 1 1 8 8 1 8 8 7 5 1 1 8 1 1 0 1 1 5 1 1 0 1 1 0 0 1 8 5 2 8 7 7 8 7 7
 5 5 2 5 2 2 0 7 7 5 5 2 5 2 2 0 0 7 8 8 1 8 8 7 8 8 7 5 5 1 8 1 1 0 0 7 5
 5 1 0 0 1 0 0 1 8 8 1 8 8 1 8 8 1 8 1 1 8 1 1 0 0 1 5 1 1 0 1 1 0 0 1 8 2
 2 8 2 2 8 2 2 2 2 2 2 2 2 0 2 2 2 2 2 2 2 2 0 2 2 8 8 2 8 8 2 8 8 2 8 2 2
 8 2 2 0 0 2 5 2 2 0 2 2 0 0 2 8 8 1 8 8 1 8 8 6 8 1 1 8 1 1 0 0 1 0 1 1 0
 0 1 0 0 1 8 8 7 8 8 7 8 7 7 5 5 1 8 7 7 8 7 7 5 5 1 5 5 1 0 7 7 8 8 1 8 8
 1 8 8 7 8 1 1 8 1 1 8 1 1 5 1 1 5 1 1 0 1 1 8 8 1 8 8 1 8 8 1 8 1 1 8 1 1
 8 1 1 1 1 1 1 1 1 1 1 1 8 8 2 8 8 2 8 8 7 8 2 2 8 2 2 8 2 2 5 2 2 2 2 2 0
 2 2 8 8 1 8 8 1 8 8 7 8 1 1 8 1 1 8 8 1 5 1 1 0 1 1 0 0 1 8 8 1 8 8 1 8 8
 1 8 1 1 8 1 1 8 1 1 1 1 1 1 1 1 0 1 1 8 2 2 8 2 2 8 2 2 2 2 2 2 2 2 2 2 2
 2 2 2 2 2 2 2 2 2 8 8 2 8 8 2 8 8 2 8 2 2 8 2 2 8 2 2 2 2 2 2 2 2 0 2 2 8
 8 1 8 8 1 8 8 8 8 1 1 8 1 1 8 8 1 1 1 1 0 1 1 0 0 1 5 5 7 5 7 7 7 7 7 5 5
 3 5 7 7 7 7 7 5 5 3 5 5 3 0 7 7 4 4 4 4 4 4 4 4 7 5 4 3 4 4 3 4 4 7 5 3 3
 5 3 3 0 0 3 4 4 4 4 4 4 4 4 4 4 4 4 4 4 4 4 4 4 4 4 3 4 4 3 4 4 3 6 6 6 6
 6 6 6 6 7 5 5 3 6 6 3 6 7 7 5 3 3 5 3 3 0 0 3 6 6 6 6 6 6 6 6 7 5 3 3 6 6
 3 0 0 3 5 3 3 0 3 3 0 0 3 4 4 4 4 4 4 4 4 4 4 4 3 4 4 3 4 4 3 4 3 3 4 3 3
 0 0 3 6 6 6 6 6 6 6 6 6 6 6 3 6 6 3 6 6 6 5 3 3 6 3 3 0 0 3 6 6 6 6 6 6 6
 6 6 6 6 3 6 6 3 6 6 3 5 3 3 0 3 3 0 0 3 6 6 6 6 6 6 6 6 6 6 3 3 6 6 3 0 0
 3 3 3 3 0 3 3 0 0 3 5 5 7 5 7 7 7 7 7 5 5 5 5 7 7 7 7 7 5 5 5 5 5 7 0 7 7]